package cpsc466.ecs.fullerton.edu.cpsc466;

public class Location_Data {

    public Location_Data(){};
    static String[] locations = {"Fullerton Community Center","Starbucks","Kashmir Apartments"
                ,"Fullerton Elks Lodge","Fullerton Golf Course","Fullerton Town Center"
                ,"Fullerton Metrocenter","ROBOT4LESS","West Coast Recycling Center"
                ,"St. Jude Medical Center","Fullerton College","Cal State Fullerton"
                ,"Amerige Heights Town Center"};

    static double[][] distance = {
            {0,0.6,0.7,1.7,2.9,0.9,0.9,2.3,2.1,2.1,1.0,3.2,2.1},
            {0.6,0,0.4,1.1,2.3,1.2,1.3,2.9,2.8,1.5,0.4,0.1,5.0},
            {0.7,0.4,0,1.0,2.2,1.3,1.4,3.0,2.8,1.4,0.8,2.6,2.2},
            {1.7,1.1,1.0,0,2.0,2.1,2.4,3.9,3.7,1.2,1.3,3.5,3.2},
            {2.9,2.3,2.2,2.0,0,3.1,3.6,4.7,4.1,0.9,2.7,4.0,3.1},
            {0.9,1.2,1.3,2.1,3.1,0,0.4,2.2,3.1,2.3,1.0,3.3,3.0},
            {0.9,1.3,1.4,2.4,3.6,0.4,0,1.9,3.0,2.8,1.7,4.0,3.0},
            {2.3,2.9,3.0,3.9,4.7,2.2,1.9,0,1.1,4.0,3.3,7.2,1.9},
            {2.1,2.8,2.8,3.7,4.1,3.1,3.0,1.1,0,3.5,3.1,8.3,0.8},
            {2.1,1.5,1.4,1.2,0.9,2.3,2.8,4.0,3.5,0,1.9,3.6,2.7},
            {1.0,0.4,0.8,1.3,2.7,1.0,1.7,3.3,3.1,1.9,0,2.2,2.6},
            {3.2,0.1,2.6,3.5,4.0,3.3,4.0,7.2,8.3,3.6,2.2,0,5.7},
            {2.1,5.0,2.2,3.2,3.1,3.0,3.0,1.9,0.8,2.7,2.6,5.7,0}};

    static int[][] time = {
            { 0, 3, 4, 6, 9, 3, 4, 5, 5, 8, 4,10, 6},
            { 3, 0, 2, 3, 5, 4, 6, 7, 7, 4, 1, 1,15},
            { 4, 2, 0, 4, 6, 6, 6, 8, 8, 5, 4, 8, 6},
            { 6, 3, 4, 0, 5, 8,10,12,12, 4, 5, 8, 9},
            { 9, 5, 6, 5, 0,10,13,12,11, 5, 9, 8, 8},
            { 3, 4, 6, 8,10, 0, 2, 6, 9, 8, 3, 9, 8},
            { 4, 6, 6,10,13, 2, 0, 5, 8,10, 7,12, 8},
            { 5, 7, 8,12,12, 6, 5, 0, 3,11, 9,10, 5},
            { 5, 7, 8,12,11, 9, 8, 3, 0, 9, 8,13, 3},
            { 8, 4, 5, 4, 5, 8,10,11, 9, 0, 8, 9, 8},
            { 4, 1, 4, 5, 9, 3, 7, 9, 8, 8, 0, 6, 7},
            {10, 1, 8, 8, 8, 9,12,10,13, 9, 6, 0,11},
            { 6,15, 6, 9, 8, 8, 8, 5, 3, 8, 7,11, 0}};

}

